// Quake Map file exported from 3DS MAX by QMAPEXP v1.08
// MAX coords rounded to nearest Quake integer coord
{
"classname" "worldspawn"
"wad" "medieval.wad"
"message" ""
"worldtype" "0"
"sounds" "1"
{
// OBJECT02
( -23 -27 104 ) ( -23 -155 104 ) ( -63 -27 104 ) UNKNOWN 0 0 0,000000 1,000000 1,000000
( -23 -155 56 ) ( -23 -27 56 ) ( -63 -155 56 ) UNKNOWN 0 0 0,000000 1,000000 1,000000
( -23 -155 104 ) ( -23 -27 104 ) ( -23 -155 56 ) UNKNOWN 0 0 0,000000 1,000000 1,000000
( -63 -27 104 ) ( -63 -155 104 ) ( -63 -27 56 ) UNKNOWN 0 0 0,000000 1,000000 1,000000
( -63 -155 104 ) ( -23 -155 104 ) ( -63 -155 56 ) UNKNOWN 0 0 0,000000 1,000000 1,000000
( -23 -27 104 ) ( -63 -27 104 ) ( -23 -27 56 ) UNKNOWN 0 0 0,000000 1,000000 1,000000
}
{
// OBJECT05
( -63 -27 136 ) ( -63 -155 136 ) ( -63 -27 104 ) UNKNOWN 0 0 0,000000 1,000000 1,000000
( 65 -155 136 ) ( 65 -27 136 ) ( 65 -155 104 ) UNKNOWN 0 0 0,000000 1,000000 1,000000
( 65 -27 136 ) ( 65 -155 136 ) ( -63 -27 136 ) UNKNOWN 0 0 0,000000 1,000000 1,000000
( 65 -155 104 ) ( 65 -27 104 ) ( -63 -155 104 ) UNKNOWN 0 0 0,000000 1,000000 1,000000
( -63 -155 104 ) ( -63 -155 136 ) ( 65 -155 104 ) UNKNOWN 0 0 0,000000 1,000000 1,000000
( 65 -27 104 ) ( 65 -27 136 ) ( -63 -27 104 ) UNKNOWN 0 0 0,000000 1,000000 1,000000
}
{
// OBJECT04
( -63 -27 56 ) ( -63 -155 56 ) ( -63 -27 0 ) UNKNOWN 0 0 0,000000 1,000000 1,000000
( 65 -155 56 ) ( 65 -27 56 ) ( 65 -155 0 ) UNKNOWN 0 0 0,000000 1,000000 1,000000
( 65 -27 56 ) ( 65 -155 56 ) ( -63 -27 56 ) UNKNOWN 0 0 0,000000 1,000000 1,000000
( 65 -155 0 ) ( 65 -27 0 ) ( -63 -155 0 ) UNKNOWN 0 0 0,000000 1,000000 1,000000
( -63 -155 0 ) ( -63 -155 56 ) ( 65 -155 0 ) UNKNOWN 0 0 0,000000 1,000000 1,000000
( 65 -27 0 ) ( 65 -27 56 ) ( -63 -27 0 ) UNKNOWN 0 0 0,000000 1,000000 1,000000
}
{
// OBJECT01
( 65 -27 104 ) ( 65 -155 104 ) ( 25 -27 104 ) UNKNOWN 0 0 0,000000 1,000000 1,000000
( 65 -155 56 ) ( 65 -27 56 ) ( 25 -155 56 ) UNKNOWN 0 0 0,000000 1,000000 1,000000
( 65 -155 104 ) ( 65 -27 104 ) ( 65 -155 56 ) UNKNOWN 0 0 0,000000 1,000000 1,000000
( 25 -27 104 ) ( 25 -155 104 ) ( 25 -27 56 ) UNKNOWN 0 0 0,000000 1,000000 1,000000
( 25 -155 104 ) ( 65 -155 104 ) ( 25 -155 56 ) UNKNOWN 0 0 0,000000 1,000000 1,000000
( 65 -27 104 ) ( 25 -27 104 ) ( 65 -27 56 ) UNKNOWN 0 0 0,000000 1,000000 1,000000
}
{
// OBJECT03
( 65 -283 0 ) ( 65 37 0 ) ( 65 -283 -32 ) UNKNOWN 0 0 0,000000 1,000000 1,000000
( -63 37 0 ) ( -63 -283 0 ) ( -63 37 -32 ) UNKNOWN 0 0 0,000000 1,000000 1,000000
( 65 37 0 ) ( 65 -283 0 ) ( -63 37 0 ) UNKNOWN 0 0 0,000000 1,000000 1,000000
( 65 -283 -32 ) ( 65 37 -32 ) ( -63 -283 -32 ) UNKNOWN 0 0 0,000000 1,000000 1,000000
( 65 37 -32 ) ( 65 37 0 ) ( -63 37 -32 ) UNKNOWN 0 0 0,000000 1,000000 1,000000
( -63 -283 -32 ) ( -63 -283 0 ) ( 65 -283 -32 ) UNKNOWN 0 0 0,000000 1,000000 1,000000
}
}
{
"classname"	"info_player_start"
"origin"	"10 10 10"
}
