// Quake Map file exported from 3DS MAX by QMAPEXP v1.08
// MAX coords rounded to nearest Quake integer coord
{
"classname" "worldspawn"
"wad" "medieval.wad"
"message" ""
"worldtype" "0"
"sounds" "1"
{
// OBJECT01
( 84 -118 -48 ) ( -64 -118 -48 ) ( 84 -14 -48 ) UNKNOWN 0 0 0,000000 1,000000 1,000000
( 84 -14 -272 ) ( -64 -14 -272 ) ( 84 -118 -272 ) UNKNOWN 0 0 0,000000 1,000000 1,000000
( -64 -118 -272 ) ( -64 -14 -272 ) ( -64 -118 -48 ) UNKNOWN 0 0 0,000000 1,000000 1,000000
( 84 -118 -48 ) ( 84 -14 -48 ) ( 84 -118 -272 ) UNKNOWN 0 0 0,000000 1,000000 1,000000
( -64 -14 -272 ) ( 84 -14 -272 ) ( -64 -14 -48 ) UNKNOWN 0 0 0,000000 1,000000 1,000000
( -64 -118 -48 ) ( 84 -118 -48 ) ( -64 -118 -272 ) UNKNOWN 0 0 0,000000 1,000000 1,000000
}
{
// OBJECT03
( -61 -86 -288 ) ( 81 -86 -288 ) ( -61 42 -288 ) UNKNOWN 0 0 0,000000 1,000000 1,000000
( 81 42 -288 ) ( 81 42 -256 ) ( -61 42 -288 ) UNKNOWN 0 0 0,000000 1,000000 1,000000
( -61 -86 -288 ) ( -61 -86 -256 ) ( 81 -86 -288 ) UNKNOWN 0 0 0,000000 1,000000 1,000000
( 81 -86 -288 ) ( 81 -86 -256 ) ( 81 42 -288 ) UNKNOWN 0 0 0,000000 1,000000 1,000000
( -61 42 -288 ) ( -61 42 -256 ) ( -61 -86 -288 ) UNKNOWN 0 0 0,000000 1,000000 1,000000
( 81 -86 -256 ) ( -61 -86 -256 ) ( 81 42 -256 ) UNKNOWN 0 0 0,000000 1,000000 1,000000
}
{
// OBJECT02
( 74 -38 -256 ) ( 74 71 -256 ) ( -56 -38 -256 ) UNKNOWN 0 0 0,000000 1,000000 1,000000
( -56 71 -256 ) ( -56 71 0 ) ( -56 -38 -256 ) UNKNOWN 0 0 0,000000 1,000000 1,000000
( 74 -38 -256 ) ( 74 -38 0 ) ( 74 71 -256 ) UNKNOWN 0 0 0,000000 1,000000 1,000000
( 74 71 -256 ) ( 74 71 0 ) ( -56 71 -256 ) UNKNOWN 0 0 0,000000 1,000000 1,000000
( -56 -38 -256 ) ( -56 -38 0 ) ( 74 -38 -256 ) UNKNOWN 0 0 0,000000 1,000000 1,000000
( 74 71 0 ) ( 74 -38 0 ) ( -56 71 0 ) UNKNOWN 0 0 0,000000 1,000000 1,000000
}
}
{
"classname"	"info_player_start"
"origin"	"10 10 10"
}
