// Quake Map file exported from 3DS MAX by QMAPEXP v1.08
// MAX coords rounded to nearest Quake integer coord
{
"classname" "worldspawn"
"wad" "medieval.wad"
"message" ""
"worldtype" "0"
"sounds" "1"
{
// OBJECT02
( 74 54 1 ) ( 74 163 1 ) ( -56 54 1 ) UNKNOWN 0 0 0,000000 1,000000 1,000000
( -56 163 1 ) ( -56 163 257 ) ( -56 54 1 ) UNKNOWN 0 0 0,000000 1,000000 1,000000
( 74 54 1 ) ( 74 54 257 ) ( 74 163 1 ) UNKNOWN 0 0 0,000000 1,000000 1,000000
( 74 163 1 ) ( 74 163 257 ) ( -56 163 1 ) UNKNOWN 0 0 0,000000 1,000000 1,000000
( -56 54 1 ) ( -56 54 257 ) ( 74 54 1 ) UNKNOWN 0 0 0,000000 1,000000 1,000000
( 74 163 257 ) ( 74 54 257 ) ( -56 163 257 ) UNKNOWN 0 0 0,000000 1,000000 1,000000
}
{
// OBJECT03
( -61 -36 -31 ) ( 81 -36 -31 ) ( -61 92 -31 ) UNKNOWN 0 0 0,000000 1,000000 1,000000
( 81 92 -31 ) ( 81 92 1 ) ( -61 92 -31 ) UNKNOWN 0 0 0,000000 1,000000 1,000000
( -61 -36 -31 ) ( -61 -36 1 ) ( 81 -36 -31 ) UNKNOWN 0 0 0,000000 1,000000 1,000000
( 81 -36 -31 ) ( 81 -36 1 ) ( 81 92 -31 ) UNKNOWN 0 0 0,000000 1,000000 1,000000
( -61 92 -31 ) ( -61 92 1 ) ( -61 -36 -31 ) UNKNOWN 0 0 0,000000 1,000000 1,000000
( 81 -36 1 ) ( -61 -36 1 ) ( 81 92 1 ) UNKNOWN 0 0 0,000000 1,000000 1,000000
}
{
// OBJECT01
( 84 24 209 ) ( -64 24 209 ) ( 84 129 209 ) UNKNOWN 0 0 0,000000 1,000000 1,000000
( 84 129 -15 ) ( -64 129 -15 ) ( 84 24 -15 ) UNKNOWN 0 0 0,000000 1,000000 1,000000
( -64 24 -15 ) ( -64 129 -15 ) ( -64 24 209 ) UNKNOWN 0 0 0,000000 1,000000 1,000000
( 84 24 209 ) ( 84 129 209 ) ( 84 24 -15 ) UNKNOWN 0 0 0,000000 1,000000 1,000000
( -64 129 -15 ) ( 84 129 -15 ) ( -64 129 209 ) UNKNOWN 0 0 0,000000 1,000000 1,000000
( -64 24 209 ) ( 84 24 209 ) ( -64 24 -15 ) UNKNOWN 0 0 0,000000 1,000000 1,000000
}
}
{
"classname"	"info_player_start"
"origin"	"10 10 10"
}
