// Quake Map file exported from 3DS MAX by QMAPEXP v1.08
// MAX coords rounded to nearest Quake integer coord
{
"classname" "worldspawn"
"wad" "medieval.wad"
"message" ""
"worldtype" "0"
"sounds" "1"
{
// OBJECT01
( -112 -1214 -32 ) ( 112 -1214 -32 ) ( -112 322 -32 ) UNKNOWN 0 0 0,000000 1,000000 1,000000
( 112 322 -32 ) ( 112 322 0 ) ( -112 322 -32 ) UNKNOWN 0 0 0,000000 1,000000 1,000000
( -112 -1214 -32 ) ( -112 -1214 0 ) ( 112 -1214 -32 ) UNKNOWN 0 0 0,000000 1,000000 1,000000
( 112 -1214 -32 ) ( 112 -1214 0 ) ( 112 322 -32 ) UNKNOWN 0 0 0,000000 1,000000 1,000000
( -112 322 -32 ) ( -112 322 0 ) ( -112 -1214 -32 ) UNKNOWN 0 0 0,000000 1,000000 1,000000
( 112 -1214 0 ) ( -112 -1214 0 ) ( 112 322 0 ) UNKNOWN 0 0 0,000000 1,000000 1,000000
}
{
// OBJECT02
( -64 -222 32 ) ( -96 -222 0 ) ( -64 -190 32 ) UNKNOWN 0 0 0,000000 1,000000 1,000000
( -96 -222 0 ) ( -64 -222 0 ) ( -96 -190 0 ) UNKNOWN 0 0 0,000000 1,000000 1,000000
( -96 -222 0 ) ( -64 -222 32 ) ( -64 -222 0 ) UNKNOWN 0 0 0,000000 1,000000 1,000000
( -96 -190 0 ) ( -64 -190 0 ) ( -64 -190 32 ) UNKNOWN 0 0 0,000000 1,000000 1,000000
( -64 -190 32 ) ( -64 -190 0 ) ( -64 -222 32 ) UNKNOWN 0 0 0,000000 1,000000 1,000000
}
{
// OBJECT03
( -64 -190 32 ) ( 64 -190 32 ) ( -64 -222 32 ) UNKNOWN 0 0 0,000000 1,000000 1,000000
( 64 -190 0 ) ( -64 -190 0 ) ( 64 -222 0 ) UNKNOWN 0 0 0,000000 1,000000 1,000000
( -64 -222 32 ) ( 64 -222 32 ) ( -64 -222 0 ) UNKNOWN 0 0 0,000000 1,000000 1,000000
( 64 -190 32 ) ( -64 -190 32 ) ( 64 -190 0 ) UNKNOWN 0 0 0,000000 1,000000 1,000000
( -64 -190 32 ) ( -64 -222 32 ) ( -64 -190 0 ) UNKNOWN 0 0 0,000000 1,000000 1,000000
( 64 -222 32 ) ( 64 -190 32 ) ( 64 -222 0 ) UNKNOWN 0 0 0,000000 1,000000 1,000000
}
{
// OBJECT04
( 64 -190 32 ) ( 96 -190 0 ) ( 64 -222 32 ) UNKNOWN 0 0 0,000000 1,000000 1,000000
( 96 -190 0 ) ( 64 -190 0 ) ( 96 -222 0 ) UNKNOWN 0 0 0,000000 1,000000 1,000000
( 96 -190 0 ) ( 64 -190 32 ) ( 64 -190 0 ) UNKNOWN 0 0 0,000000 1,000000 1,000000
( 96 -222 0 ) ( 64 -222 0 ) ( 64 -222 32 ) UNKNOWN 0 0 0,000000 1,000000 1,000000
( 64 -222 32 ) ( 64 -222 0 ) ( 64 -190 32 ) UNKNOWN 0 0 0,000000 1,000000 1,000000
}
{
// OBJECT05
( 64 -446 32 ) ( 96 -446 0 ) ( 64 -478 32 ) UNKNOWN 0 0 0,000000 1,000000 1,000000
( 96 -446 0 ) ( 64 -446 0 ) ( 96 -478 0 ) UNKNOWN 0 0 0,000000 1,000000 1,000000
( 96 -446 0 ) ( 64 -446 32 ) ( 64 -446 0 ) UNKNOWN 0 0 0,000000 1,000000 1,000000
( 96 -478 0 ) ( 64 -478 0 ) ( 64 -478 32 ) UNKNOWN 0 0 0,000000 1,000000 1,000000
( 64 -478 32 ) ( 64 -478 0 ) ( 64 -446 32 ) UNKNOWN 0 0 0,000000 1,000000 1,000000
}
{
// OBJECT06
( -64 -446 32 ) ( 64 -446 32 ) ( -64 -478 32 ) UNKNOWN 0 0 0,000000 1,000000 1,000000
( 64 -446 0 ) ( -64 -446 0 ) ( 64 -478 0 ) UNKNOWN 0 0 0,000000 1,000000 1,000000
( -64 -478 32 ) ( 64 -478 32 ) ( -64 -478 0 ) UNKNOWN 0 0 0,000000 1,000000 1,000000
( 64 -446 32 ) ( -64 -446 32 ) ( 64 -446 0 ) UNKNOWN 0 0 0,000000 1,000000 1,000000
( -64 -446 32 ) ( -64 -478 32 ) ( -64 -446 0 ) UNKNOWN 0 0 0,000000 1,000000 1,000000
( 64 -478 32 ) ( 64 -446 32 ) ( 64 -478 0 ) UNKNOWN 0 0 0,000000 1,000000 1,000000
}
{
// OBJECT07
( -64 -478 32 ) ( -96 -478 0 ) ( -64 -446 32 ) UNKNOWN 0 0 0,000000 1,000000 1,000000
( -96 -478 0 ) ( -64 -478 0 ) ( -96 -446 0 ) UNKNOWN 0 0 0,000000 1,000000 1,000000
( -96 -478 0 ) ( -64 -478 32 ) ( -64 -478 0 ) UNKNOWN 0 0 0,000000 1,000000 1,000000
( -96 -446 0 ) ( -64 -446 0 ) ( -64 -446 32 ) UNKNOWN 0 0 0,000000 1,000000 1,000000
( -64 -446 32 ) ( -64 -446 0 ) ( -64 -478 32 ) UNKNOWN 0 0 0,000000 1,000000 1,000000
}
{
// OBJECT08
( 96 -734 0 ) ( 96 -766 0 ) ( 64 -734 48 ) UNKNOWN 0 0 0,000000 1,000000 1,000000
( 64 -734 0 ) ( 64 -766 0 ) ( 96 -734 0 ) UNKNOWN 0 0 0,000000 1,000000 1,000000
( 64 -734 48 ) ( 64 -734 0 ) ( 96 -734 0 ) UNKNOWN 0 0 0,000000 1,000000 1,000000
( 64 -766 0 ) ( 64 -766 48 ) ( 96 -766 0 ) UNKNOWN 0 0 0,000000 1,000000 1,000000
( 64 -766 0 ) ( 64 -734 0 ) ( 64 -766 48 ) UNKNOWN 0 0 0,000000 1,000000 1,000000
}
{
// OBJECT09
( -64 -734 48 ) ( 64 -734 48 ) ( -64 -766 48 ) UNKNOWN 0 0 0,000000 1,000000 1,000000
( 64 -734 0 ) ( -64 -734 0 ) ( 64 -766 0 ) UNKNOWN 0 0 0,000000 1,000000 1,000000
( -64 -766 48 ) ( 64 -766 48 ) ( -64 -766 0 ) UNKNOWN 0 0 0,000000 1,000000 1,000000
( 64 -734 48 ) ( -64 -734 48 ) ( 64 -734 0 ) UNKNOWN 0 0 0,000000 1,000000 1,000000
( -64 -734 48 ) ( -64 -766 48 ) ( -64 -734 0 ) UNKNOWN 0 0 0,000000 1,000000 1,000000
( 64 -766 48 ) ( 64 -734 48 ) ( 64 -766 0 ) UNKNOWN 0 0 0,000000 1,000000 1,000000
}
{
// OBJECT10
( -96 -766 0 ) ( -96 -734 0 ) ( -64 -766 48 ) UNKNOWN 0 0 0,000000 1,000000 1,000000
( -64 -766 0 ) ( -64 -734 0 ) ( -96 -766 0 ) UNKNOWN 0 0 0,000000 1,000000 1,000000
( -64 -766 48 ) ( -64 -766 0 ) ( -96 -766 0 ) UNKNOWN 0 0 0,000000 1,000000 1,000000
( -64 -734 0 ) ( -64 -734 48 ) ( -96 -734 0 ) UNKNOWN 0 0 0,000000 1,000000 1,000000
( -64 -734 0 ) ( -64 -766 0 ) ( -64 -734 48 ) UNKNOWN 0 0 0,000000 1,000000 1,000000
}
{
// OBJECT11
( -96 -1022 0 ) ( -96 -990 0 ) ( -64 -1022 48 ) UNKNOWN 0 0 0,000000 1,000000 1,000000
( -64 -1022 0 ) ( -64 -990 0 ) ( -96 -1022 0 ) UNKNOWN 0 0 0,000000 1,000000 1,000000
( -64 -1022 48 ) ( -64 -1022 0 ) ( -96 -1022 0 ) UNKNOWN 0 0 0,000000 1,000000 1,000000
( -64 -990 0 ) ( -64 -990 48 ) ( -96 -990 0 ) UNKNOWN 0 0 0,000000 1,000000 1,000000
( -64 -990 0 ) ( -64 -1022 0 ) ( -64 -990 48 ) UNKNOWN 0 0 0,000000 1,000000 1,000000
}
{
// OBJECT12
( -64 -990 48 ) ( 64 -990 48 ) ( -64 -1022 48 ) UNKNOWN 0 0 0,000000 1,000000 1,000000
( 64 -990 0 ) ( -64 -990 0 ) ( 64 -1022 0 ) UNKNOWN 0 0 0,000000 1,000000 1,000000
( -64 -1022 48 ) ( 64 -1022 48 ) ( -64 -1022 0 ) UNKNOWN 0 0 0,000000 1,000000 1,000000
( 64 -990 48 ) ( -64 -990 48 ) ( 64 -990 0 ) UNKNOWN 0 0 0,000000 1,000000 1,000000
( -64 -990 48 ) ( -64 -1022 48 ) ( -64 -990 0 ) UNKNOWN 0 0 0,000000 1,000000 1,000000
( 64 -1022 48 ) ( 64 -990 48 ) ( 64 -1022 0 ) UNKNOWN 0 0 0,000000 1,000000 1,000000
}
{
// OBJECT13
( 96 -990 0 ) ( 96 -1022 0 ) ( 64 -990 48 ) UNKNOWN 0 0 0,000000 1,000000 1,000000
( 64 -990 0 ) ( 64 -1022 0 ) ( 96 -990 0 ) UNKNOWN 0 0 0,000000 1,000000 1,000000
( 64 -990 48 ) ( 64 -990 0 ) ( 96 -990 0 ) UNKNOWN 0 0 0,000000 1,000000 1,000000
( 64 -1022 0 ) ( 64 -1022 48 ) ( 96 -1022 0 ) UNKNOWN 0 0 0,000000 1,000000 1,000000
( 64 -1022 0 ) ( 64 -990 0 ) ( 64 -1022 48 ) UNKNOWN 0 0 0,000000 1,000000 1,000000
}
}
{
"classname"	"info_player_start"
"origin"	"10 10 10"
}
